C100

VEHICLE
NUMBER     CAPACITY
  10         200

CUSTOMER
CUST NO.  XCOORD.   YCOORD.    DEMAND   READY TIME  DUE DATE   SERVICE   TIME
 
    0      127.11209456932302         37.39458003531354          0          0       480          0  
    1      127.12274158647465         37.39778775537493         25        40        100         0   
    2      127.11851227801488         37.39574387936488         35        70        130         0  
    3      127.10864389160874         37.39846904737828         25        110        170         0   
    4      127.11287320006852         37.391656127344774         30        150        210         0
    5      127.12838066442102         37.39710646337158         25        180        240         0  
    6      127.10441458314897         37.39370000335483         35        220        280         0   
    7      127.12838066442102         37.392337419348124         30        250        310         0   
    8      127.1001852746892         37.39846904737828         25        280        340         0   
    9      127.11851227801488         37.39846904737828         20        320        380         0   
    10      127.11992204750148         37.40255679939838         30        360        420         0
