C100

VEHICLE
NUMBER     CAPACITY
  10         200

CUSTOMER
CUST NO.  XCOORD.   YCOORD.    DEMAND   READY TIME  DUE DATE   SERVICE   TIME
 
    0      127.11209456932302         37.39458003531354          0          960       1480          0  
    1      127.117103         37.397788         25        1000        1060         0   
    2      127.110054         37.393700         30        1030        1090         0  
    3      127.115693         37.393019         30        1070        1130         0   
    4      127.107234         37.397788         35        1110        1170         0
    5      127.121332         37.393700         30        1140        1200         0  
    6      127.122742         37.400513         25        1170        1230         0   
    7      127.110054         37.390294         35        1200        1260         0   
    8      127.105824         37.401876         25        1230        1290         0   
    9      127.126971         37.394381         30        1270        1330         0   
    10      127.105824         37.395063         35        1310        1370         0
