C100

VEHICLE
NUMBER     CAPACITY
  10         200

CUSTOMER
CUST NO.  XCOORD.   YCOORD.    DEMAND   READY TIME  DUE DATE   SERVICE   TIME
 
    0      127.11209456932302 37.39458003531354  0        480        960         0  
    1      127.119922         37.397788         35        520        580         0   
    2      127.112873         37.393700         25        550        610         0  
    3      127.114283         37.399832         25        590        650         0   
    4      127.118512         37.393019         35        630        690         0
    5      127.126971         37.394381         25        660        720         0  
    6      127.107234         37.396425         30        700        760         0   
    7      127.110054         37.390294         30        730        790         0   
    8      127.105824         37.399832         25        750        830         0   
    9      127.126971         37.389612         30        810        870         0   
    10     127.122742        37.402557        35       850       910        0
