C100

VEHICLE
NUMBER     CAPACITY
  10         200

CUSTOMER
CUST NO.  XCOORD.   YCOORD.    DEMAND   READY TIME  DUE DATE   SERVICE   TIME
 
    0      127.02764967301626         37.49799541773126          0          0       480          0  
    1      127.035811         37.504656         25        40        100         0   
    2      127.031602         37.499202         35        70        130         0  
    3      127.021782         37.506474         25        110        170         0   
    4      127.025990         37.488295         30        150        210         0
    5      127.041423         37.502838         25        180        240         0  
    6      127.017573         37.493748         35        220        280         0   
    7      127.042826         37.490112         30        250        310         0   
    8      127.013364         37.506474         25        280        340         0   
    9      127.031602         37.511927         20        320        380         0   
    10      127.033005         37.517381         30        360        420         0
