C100

VEHICLE
NUMBER     CAPACITY
  10         200

CUSTOMER
CUST NO.  XCOORD.   YCOORD.    DEMAND   READY TIME  DUE DATE   SERVICE   TIME
 
    0      127.02764967301626         37.49799541773126          0          480       960          0  
    1      127.033005         37.504656           35        520        580         0   
    2      127.025990         37.493748           25        550        610         0  
    3      127.027393         37.510109           25        590        650         0   
    4      127.031602         37.491930           35        630        690         0
    5      127.040020         37.495566           25        660        720         0  
    6      127.020379         37.501020           30        700        760         0   
    7      127.023185         37.484659           30        730        790         0   
    8      127.018976         37.510109           25        750        830         0   
    9      127.040020         37.482841           30        810        870         0   
    10      127.035811         37.517381           35        850        910         0
